open,high,low,close,volume,date
139.49,142.24,139.36,141.11,80861062.0,2021-10-05
141.76,142.21,138.27,139.14,98078066.0,2021-10-04
141.9,142.92,139.1101,142.65,94639581.0,2021-10-01
143.66,144.378,141.3,141.5,88625397.0,2021-09-30
142.47,144.45,142.03,142.83,74602044.0,2021-09-29
143.25,144.75,141.7,141.91,108972340.0,2021-09-28
145.47,145.95,143.82,145.37,73852016.0,2021-09-27
145.66,147.47,145.56,146.92,53434200.0,2021-09-24
146.65,147.08,145.64,146.83,64838170.0,2021-09-23
144.45,146.43,143.7001,145.85,76404341.0,2021-09-22
143.93,144.6,142.78,143.43,75833962.0,2021-09-21
143.8,144.84,141.28,142.94,123478863.0,2021-09-20
148.82,148.82,145.76,146.06,129728700.0,2021-09-17
148.44,148.9684,147.221,148.79,67901433.0,2021-09-16
148.56,149.44,146.37,149.03,79159981.0,2021-09-15
150.35,151.07,146.91,148.12,109296295.0,2021-09-14
150.63,151.41,148.75,149.55,102404329.0,2021-09-13
155.0,155.48,148.7,148.97,140646400.0,2021-09-10
155.49,156.11,153.95,154.07,54962409.0,2021-09-09
156.98,157.04,153.975,155.11,74160481.0,2021-09-08
154.97,157.26,154.39,156.69,80079257.0,2021-09-07
153.76,154.63,153.09,154.3,57808700.0,2021-09-03
153.87,154.72,152.4,153.65,69600446.0,2021-09-02
152.83,154.98,152.34,152.51,80313711.0,2021-09-01
152.66,152.8,151.29,151.83,86453117.0,2021-08-31
149.0,153.49,148.61,153.12,90956723.0,2021-08-30
147.48,148.75,146.83,148.6,55721500.0,2021-08-27
148.35,149.12,147.51,147.54,47601827.0,2021-08-26
149.81,150.32,147.8,148.36,57790733.0,2021-08-25
149.45,150.86,149.15,149.62,48606428.0,2021-08-24
148.31,150.19,147.89,149.71,60131810.0,2021-08-23
147.44,148.5,146.78,148.19,59947400.0,2021-08-20
145.03,148.0,144.52,146.7,81030081.0,2021-08-19
149.8,150.71,146.15,146.36,86325990.0,2021-08-18
150.23,151.68,149.09,150.19,91690172.0,2021-08-17
148.535,151.13,146.47,151.12,103558782.0,2021-08-16
148.97,149.44,148.27,149.1,59318800.0,2021-08-13
146.19,149.05,145.84,148.89,72282600.0,2021-08-12
146.05,146.718,145.53,145.86,48493463.0,2021-08-11
146.44,147.71,145.3,145.6,69023081.0,2021-08-10
146.2,146.7,145.52,146.09,48802159.0,2021-08-09
146.35,147.11,145.63,146.14,54067400.0,2021-08-06
146.98,147.84,146.17,147.06,46236448.0,2021-08-05
147.27,147.79,146.28,146.95,53941624.0,2021-08-04
145.81,148.04,145.18,147.36,64433620.0,2021-08-03
146.36,146.95,145.25,145.52,60129097.0,2021-08-02
144.38,146.33,144.11,145.86,70382000.0,2021-07-30
144.685,146.47,144.58,145.64,52800323.0,2021-07-29
144.81,146.96,142.54,144.98,113982837.0,2021-07-28
149.12,149.2,145.55,146.77,94028352.0,2021-07-27
148.27,149.83,147.7,148.99,71987172.0,2021-07-26
147.55,148.72,146.92,148.56,71361600.0,2021-07-23
145.935,148.195,145.81,146.8,74144058.0,2021-07-22
145.53,146.13,144.63,145.4,71439047.0,2021-07-21
143.46,147.0997,142.96,146.15,95496549.0,2021-07-20
143.75,144.07,141.67,142.45,116136809.0,2021-07-19
148.46,149.76,145.88,146.39,93100300.0,2021-07-16
149.24,150.0,147.095,148.48,104023741.0,2021-07-15
148.1,149.57,147.68,149.15,127050785.0,2021-07-14
144.03,147.46,143.63,145.64,98214828.0,2021-07-13
146.21,146.32,144.0,144.5,73241264.0,2021-07-12
142.75,145.65,142.65,145.11,99788400.0,2021-07-09
141.58,144.06,140.67,143.24,103561917.0,2021-07-08
143.535,144.89,142.66,144.57,104591949.0,2021-07-07
140.07,143.15,140.07,142.02,108181793.0,2021-07-06
137.9,140.0,137.75,139.96,78852600.0,2021-07-02
136.6,137.33,135.76,137.27,52485781.0,2021-07-01
136.17,137.4,135.87,136.96,63261393.0,2021-06-30
134.8,136.49,134.3599,136.33,64556081.0,2021-06-29
133.41,135.245,133.3857,134.78,62111303.0,2021-06-28
133.46,133.89,132.81,133.11,70730700.0,2021-06-25
134.45,134.64,132.93,133.41,68710998.0,2021-06-24
133.77,134.32,133.23,133.7,60214200.0,2021-06-23
132.13,134.08,131.62,133.98,74783618.0,2021-06-22
130.3,132.41,129.2118,132.3,79663316.0,2021-06-21
130.71,131.51,130.25,130.46,108953309.0,2021-06-18
129.8,132.55,129.65,131.79,96230975.0,2021-06-17
130.37,130.89,128.461,130.15,91815026.0,2021-06-16
129.94,130.59,129.39,129.64,62345416.0,2021-06-15
127.82,130.49,127.07,130.48,96650035.0,2021-06-14
126.53,127.44,126.1,127.35,53415300.0,2021-06-11
127.02,128.19,125.94,126.11,69880286.0,2021-06-10
127.21,127.75,126.52,127.13,54895704.0,2021-06-09
126.6,128.46,126.2101,126.74,72497627.0,2021-06-08
126.17,126.31,124.8321,125.9,68205494.0,2021-06-07
124.07,126.16,123.85,125.89,75087300.0,2021-06-04
124.68,124.85,123.13,123.54,75732834.0,2021-06-03
124.28,125.24,124.05,125.06,58418100.0,2021-06-02
125.08,125.35,123.945,124.28,63460425.0,2021-06-01
125.57,125.8,124.55,124.61,71232700.0,2021-05-28
126.44,127.64,125.28,125.28,86473226.0,2021-05-27
126.955,127.39,126.42,126.85,53175620.0,2021-05-26
127.82,128.3168,126.32,126.9,70119179.0,2021-05-25
126.01,127.935,125.94,127.1,61144792.0,2021-05-24
127.82,128.0,125.21,125.43,79209300.0,2021-05-21
125.23,127.7156,125.1,127.31,72824171.0,2021-05-20
123.16,124.915,122.88,124.69,85649375.0,2021-05-19
126.56,126.9878,124.78,124.85,59794196.0,2021-05-18
126.82,126.92,125.17,126.27,67867172.0,2021-05-17
126.25,127.88,125.85,127.45,77970942.0,2021-05-14
